1
162.02857142857144
0.013243630253657141
872276777.8748486
2
289.22857142857146
0.012528180958342858
870869841.6728649
3
413.8
0.014522611880171428
861419551.6173421
4
413.8
0.014522611880171428
861419551.6173421
5
306.4
0.014343522749257145
862805152.3628435
6
85.88571428571429
0.013322235929999999
868715978.9830958
7
306.4
0.014343522749257145
862805152.3628435
8
306.4
0.014343522749257145
862805152.3628435
9
389.4
0.012840100832485712
871374091.0305076
10
190.68571428571428
0.01367113380697143
865121508.8563578
11
190.68571428571428
0.01367113380697143
865121508.8563578
12
337.8285714285714
0.015042789723457142
848715760.7743438
13
337.8285714285714
0.015042789723457142
848715760.7743438
14
194.97142857142856
0.013391474256257146
849682123.8798548
15
194.97142857142856
0.013391474256257146
849682123.8798548
16
194.97142857142856
0.013391474256257146
849682123.8798548
17
194.97142857142856
0.013391474256257146
849682123.8798548
18
194.97142857142856
0.013391474256257146
849682123.8798548
19
194.97142857142856
0.013391474256257146
849682123.8798548
20
194.97142857142856
0.013391474256257146
849682123.8798548
21
194.97142857142856
0.013391474256257146
849682123.8798548
22
190.68571428571428
0.01367113380697143
865121508.8563578
23
190.68571428571428
0.01367113380697143
865121508.8563578
24
190.68571428571428
0.01367113380697143
865121508.8563578
25
190.68571428571428
0.01367113380697143
865121508.8563578
26
337.8285714285714
0.015042789723457142
848715760.7743438
27
337.8285714285714
0.015042789723457142
848715760.7743438
28
337.8285714285714
0.015042789723457142
848715760.7743438
29
337.8285714285714
0.015042789723457142
848715760.7743438
30
337.8285714285714
0.015042789723457142
848715760.7743438
31
190.68571428571428
0.01367113380697143
865121508.8563578
32
190.68571428571428
0.01367113380697143
865121508.8563578
33
190.68571428571428
0.01367113380697143
865121508.8563578
34
190.68571428571428
0.01367113380697143
865121508.8563578
35
190.68571428571428
0.01367113380697143
865121508.8563578
36
190.68571428571428
0.01367113380697143
865121508.8563578
37
190.68571428571428
0.01367113380697143
865121508.8563578
38
190.68571428571428
0.01367113380697143
865121508.8563578
39
190.68571428571428
0.01367113380697143
865121508.8563578
40
190.68571428571428
0.01367113380697143
865121508.8563578
41
190.68571428571428
0.01367113380697143
865121508.8563578
42
190.68571428571428
0.01367113380697143
865121508.8563578
43
190.68571428571428
0.01367113380697143
865121508.8563578
44
190.68571428571428
0.01367113380697143
865121508.8563578
45
190.68571428571428
0.01367113380697143
865121508.8563578
46
190.68571428571428
0.01367113380697143
865121508.8563578
47
190.68571428571428
0.01367113380697143
865121508.8563578
48
190.68571428571428
0.01367113380697143
865121508.8563578
49
190.68571428571428
0.01367113380697143
865121508.8563578
50
190.68571428571428
0.01367113380697143
865121508.8563578
